1c1
< 0x0000 : 0c 00 90 03 70 01 00 06 01 ff ff ff ff 0c 01 71 03 70 01 00 06 01 ff 09 00 00 09 00 f1 03 70 01 00 06 01 ff ff ff ff 0c ff fb 0b 68 01 00 34 00 01 03 70 01 00 06 01 ff ff ff ff 0b 68 01 00 3e 
---
> 0x0000 : 00 00 09 03 70 09 00 00 09 ff ff 09 00 00 09 71 03 09 00 00 09 01 ff 09 00 00 09 00 f1 03 70 01 00 06 01 ff ff ff ff 0c ff fb 0b 68 01 00 34 00 01 03 70 01 00 06 01 ff ff ff ff 0b 68 01 00 3e 
7,8c7,8
< 0x0180 : 01 00 06 01 ff ff ff ff 0c ff fb 02 90 09 00 00 09 02 02 09 00 00 09 04 03 09 00 00 09 00 60 09 00 00 09 00 33 09 00 00 09 01 00 09 00 00 09 ff ff 09 00 00 09 02 04 09 00 00 09 90 02 09 00 00 
< 0x01c0 : 09 02 0a 09 00 00 09 04 0b 09 00 00 09 02 04 09 00 00 09 01 ff 09 00 00 09 54 02 09 00 00 09 6a 02 09 00 00 09 00 0f 09 00 00 09 00 00 09 00 00 09 00 00 09 00 00 09 00 00 09 00 00 09 00 00 09 
---
> 0x0180 : 01 00 06 01 ff ff ff ff 0c ff fb 02 90 00 00 00 00 02 02 90 00 00 00 04 03 02 90 00 00 00 60 05 0b 68 01 00 33 00 01 03 70 01 00 06 01 ff ff ff ff 0a 94 ff da 02 04 0b 64 04 01 90 02 04 54 02 
> 0x01c0 : 03 02 0a 94 ff c9 02 04 0b 64 04 01 7f 02 04 54 02 03 02 01 ff ff ff ff 08 54 02 05 0f 09 01 6a 02 90 00 00 00 00 0f 09 ff c5 09 00 00 09 00 00 09 00 00 09 00 00 09 00 00 09 00 00 09 00 00 09 
15c15
< 0x0380 : ff c9 02 04 0b 64 04 00 00 00 00 00 00 00 00 00 00 00 00 00 00 00 00 00 00 00 00 00 00 00 00 00 00 00 00 00 00 00 00 00 00 00 00 00 00 00 00 00 00 00 00 00 00 00 00 00 00 00 00 00 00 00 00 00 
---
> 0x0380 : ff c9 02 04 0b 64 04 01 7f 02 04 54 02 03 02 01 ff ff ff ff 08 54 02 05 0f 09 01 6a 02 90 00 00 00 00 0f 09 ff c5 09 00 00 00 00 00 00 00 00 00 00 00 00 00 00 00 00 00 00 00 00 00 00 00 00 00 
21c21
< 0x0500 : 00 00 00 00 00 00 00 00 00 00 00 00 00 00 00 00 00 00 00 00 00 00 00 00 00 00 00 00 00 00 00 00 00 00 00 00 00 00 00 00 00 00 00 00 00 00 00 00 00 00 00 00 00 00 00 00 00 00 00 00 00 00 00 00 
---
> 0x0500 : 00 00 00 02 90 00 00 00 00 02 02 00 00 00 00 00 00 00 00 00 00 00 00 00 00 00 00 00 00 00 00 00 00 00 00 00 00 00 00 00 00 00 00 00 00 00 00 00 00 00 00 00 00 00 00 00 00 00 00 00 00 00 00 00 
63,64c63,64
< 0x0f80 : 00 00 00 00 00 00 00 00 00 00 00 00 00 00 00 00 00 00 00 00 00 00 00 00 00 00 00 00 00 00 00 00 00 00 00 00 00 00 00 00 00 00 00 00 00 00 00 00 00 00 00 00 00 00 00 00 00 00 00 00 00 00 00 00 
< 0x0fc0 : 00 00 00 00 00 00 00 00 00 00 00 00 00 00 00 00 00 00 00 00 00 00 00 00 00 00 00 00 00 00 00 00 00 00 00 00 00 00 00 00 00 00 00 00 00 00 00 00 00 00 00 00 00 00 00 00 00 00 00 00 00 00 00 00 
---
> 0x0f80 : 00 00 00 00 00 00 00 00 00 00 00 00 00 09 00 00 09 00 00 09 00 00 09 00 00 09 00 00 09 00 00 09 00 00 09 00 00 09 00 00 09 00 00 09 00 00 09 00 00 09 00 00 09 00 00 09 00 00 09 00 00 09 00 00 
> 0x0fc0 : 09 00 00 09 00 00 09 00 00 09 00 00 09 00 00 09 00 00 09 00 00 09 00 00 09 00 00 09 00 00 09 00 00 09 00 00 09 00 00 09 00 00 09 00 00 09 00 00 09 00 00 09 00 00 09 00 00 09 00 00 09 00 00 09 
